$ 1 0.000005 0.7703437568215379 51 5 50 5e-11
v 368 480 368 592 0 1 1000 1.1 3 0 0.5
g 368 592 368 608 0 0
c 368 480 448 480 0 0.000001 -4.77012472931277 0.001
r 512 480 512 544 0 1000
w 512 480 448 480 0
a 624 496 784 496 9 5 0 1000000 1.735580168714387 1.7355728942991622 100000
w 512 480 624 480 0
r 512 544 624 544 0 10000
w 624 544 624 512 0
r 624 576 784 576 0 2700
w 784 496 784 576 0
w 624 576 624 544 0
34 3.3vzener 1 1.7143528192810002e-7 0 2.0000000000000084 3.3 1
z 832 576 832 496 2 3.3vzener
w 832 496 784 496 0
g 832 576 832 592 0 0
p 832 496 912 496 1 0 0
g 912 496 912 512 0 0
g 912 704 912 720 0 0
p 832 704 912 704 1 0 0
g 832 784 832 800 0 0
w 832 704 784 704 0
z 832 784 832 704 2 3.3vzener
w 624 784 624 752 0
w 784 704 784 784 0
r 624 784 784 784 0 2700
w 624 752 624 720 0
r 512 752 624 752 0 10000
w 512 688 624 688 0
a 624 704 784 704 9 5 0 1000000 0.5209833381506878 0.5209606383557146 100000
w 512 688 448 688 0
r 512 688 512 752 0 1000
c 368 688 448 688 0 0.000001 -4.62041785475715 0.001
g 368 800 368 816 0 0
v 368 688 368 800 0 1 1000 1.1 3 -1.5707963267948966 0.5
a 480 320 624 320 8 15 -15 1000000 1.5986234695476176 1.598639455782313 100000
w 480 304 480 272 0
w 480 272 624 272 0
w 624 272 624 320 0
v 368 368 368 304 0 0 40 5 0 0 0.5
r 432 336 432 304 0 10000
r 432 336 432 368 0 4700
w 368 304 432 304 0
w 432 368 368 368 0
w 432 336 480 336 0
g 368 368 368 384 0 0
207 624 320 672 320 5 DC\sbias
207 512 544 464 544 5 DC\sbias
207 512 752 464 752 4 DC\sbias
x 387 257 688 260 4 24 DC\sbias\s(1.6V)\sfor\samplifiers
x 649 453 742 456 4 24 Sin\sinput
x 646 662 747 665 4 24 Cos\sinput
368 624 320 624 368 0 0
o 15 1 0 4354 5 0.1 0 2 18 0
